nr:1
factor:1,1,1,1,1,1,1,1,1,1,1,1,1,1,1
factorFin:1,1,1,1,1,1,1,1,1,1,1,1,1,1,1
games:0
score:0

nr:2
factor:2,2,2,2,2,2,1,1,1,1,1,1,1,1,1
factorFin:1,1,1,1,1,1,1,1,1,1,1,1,1,1,1
games:0
score:0

nr:3
factor:1,1,1,1,1,1,1,1,1,1,1,1,1,1,1
factorFin:2,2,2,2,2,2,1,1,1,1,1,1,1,1,1
games:0
score:0

nr:4
factor:2,2,2,2,2,2,1,1,1,1,1,1,1,1,1
factorFin:2,2,2,2,2,2,1,1,1,1,1,1,1,1,1
games:0
score:0

nr:5
factor:1.5,1.5,1.5,1.5,1.5,1.5,1,1,1,1,1,1,1,1,1
factorFin:1.5,1.5,1.5,1.5,1.5,1.5,1,1,1,1,1,1,1,1,1
games:0
score:0

nr:6
factor:1.5,1.5,1.5,1.5,1.5,1.5,1,1,1,1,1,1,1,1,1
factorFin:1,1,1,1,1,1,1,1,1,1,1,1,1,1,1
games:0
score:0

nr:7
factor:1,1,1,1,1,1,1,1,1,1,1,1,1,1,1
factorFin:1.5,1.5,1.5,1.5,1.5,1.5,1,1,1,1,1,1,1,1,1
games:0
score:0

nr:8
factor:1.8,1.8,1.8,1.8,1.8,1.8,1,1,1,1,1,1,1,1,1
factorFin:1,1,1,1,1,1,1,1,1,1,1,1,1,1,1
games:0
score:0

nr:9
factor:1.2,1.2,1.2,1.2,1.2,1.2,1,1,1,1,1,1,1,1,1
factorFin:1,1,1,1,1,1,1,1,1.5,1.5,1,1,1,0.8,1
games:0
score:0
